129551
148461
160373
164687
176481
197028
203516
210288
211917
226325
231071
233553
236365
246699
248799
249279
251361
251659
254473
262183
263605
265801
265845
267097
269303
269465
269831
269895
270103
277323
283228
294034
296270
301930
302118
303456
308148
309422
310026
310106
314606
319536
319664
321068
321104
321756
322052
323430
323550
323624
323760
323846
323994
324012
324232
324394
324748
324866
325492
326046
326162
327126
327364
327376
327498
327522
327572
328104
328426
329152
329294
329342
329536
329988
330708
330764
332032
332056
332294
333856
335010
337042
337420
337460
338068
338150
338932
339148
339952
340508
340650
341626
342012
342026
342346
342916
343288
343568
343570
345852
346908
348250
348424
348584
348862
349064
349136
349198
349810
349858
350110
350308
350536
350642
350794
350850
350976
351058
351070
351114
351222
351278
351384
351406
351480
351610
351698
351710
351730
351768
351802
351804
351820
351856
351882
351890
